address: شیراز و..... 
latitude:  52.52103
longitude: 29.62506
mapzoom: 16

